<?xml version="1.0" encoding="UTF-8" standalone="no"?>
<!DOCTYPE svg PUBLIC "-//W3C//DTD SVG 20010904//EN"
              "http://www.w3.org/TR/2001/REC-SVG-20010904/DTD/svg10.dtd">

<svg xmlns="http://www.w3.org/2000/svg"
     width="6.94444in" height="6.94444in"
     viewBox="0 0 500 500">
  <path id="Selection"
        fill="none" stroke="black" stroke-width="1"
        d="M 254.00,215.00
           C 254.00,215.00 277.00,197.63 277.00,197.63
             289.21,188.43 301.18,178.82 312.00,168.00
             315.67,164.33 328.41,152.38 329.42,148.00
             330.12,145.00 327.11,140.75 325.78,138.00
             322.85,131.88 320.71,125.59 319.13,119.00
             313.73,96.47 319.10,69.75 334.30,52.00
             350.26,33.35 384.87,19.47 403.67,42.00
             406.56,45.46 408.21,48.82 409.77,53.00
             411.35,57.24 412.78,63.48 412.96,68.00
             413.13,72.23 411.98,81.18 410.03,84.87
             408.03,88.66 404.71,88.11 403.61,85.69
             402.41,83.04 404.65,77.25 404.91,74.00
             405.74,63.64 403.14,50.79 394.00,44.52
             387.15,39.84 378.99,46.48 374.00,51.09
             362.44,61.77 353.55,79.08 353.04,95.00
             352.50,112.02 363.69,127.56 372.65,141.00
             383.13,156.73 391.99,171.99 398.00,190.00
             417.60,178.84 436.61,168.97 453.00,152.99
             455.21,150.83 459.38,146.28 461.98,145.04
             464.19,143.99 467.06,144.14 467.29,147.13
             467.62,151.28 459.92,158.20 457.00,160.83
             445.25,171.41 430.73,181.01 417.00,188.85
             413.58,190.80 402.67,196.06 401.18,199.21
             400.77,200.47 400.92,201.69 401.18,203.00
             401.18,203.00 403.00,222.00 403.00,222.00
             403.35,252.11 392.65,284.30 361.00,293.96
             354.17,296.05 349.99,296.08 343.00,296.00
             334.48,295.90 323.14,292.67 317.53,285.91
             309.65,276.41 311.24,258.80 315.46,248.00
             323.52,227.39 343.57,212.14 364.00,205.00
             360.06,193.20 357.10,186.55 350.31,176.00
             346.66,170.33 339.17,160.57 337.00,155.00
             329.45,160.41 328.03,164.14 321.99,169.91
             310.08,181.28 297.27,192.49 284.00,202.27
             284.00,202.27 263.00,217.58 263.00,217.58
             259.68,219.95 253.93,223.54 252.01,227.04
             252.01,227.04 247.61,249.00 247.61,249.00
             247.61,249.00 238.20,298.00 238.20,298.00
             232.65,325.31 225.75,352.33 217.72,379.00
             209.88,405.02 197.95,438.17 181.84,460.00
             181.84,460.00 170.58,472.96 170.58,472.96
             164.34,479.83 153.42,488.68 145.00,492.68
             113.82,507.50 72.12,500.42 51.16,472.00
             44.59,463.10 41.47,455.13 41.04,444.00
             40.39,427.36 48.37,404.76 55.75,390.00
             75.56,350.39 115.61,312.81 151.00,286.73
             151.00,286.73 185.00,262.00 185.00,262.00
             188.47,259.66 202.58,250.28 204.42,247.82
             206.73,244.72 207.71,235.17 208.41,231.00
             208.41,231.00 214.42,192.00 214.42,192.00
             214.42,192.00 218.27,165.00 218.27,165.00
             219.02,159.78 220.36,155.17 219.00,150.00
             217.14,155.62 211.96,162.16 208.37,167.00
             208.37,167.00 186.58,194.00 186.58,194.00
             173.01,209.65 154.71,225.03 133.00,225.00
             112.43,224.98 103.22,211.44 103.00,192.00
             102.62,157.79 124.32,115.65 148.00,92.00
             164.55,75.47 191.36,58.36 211.38,80.17
             219.92,89.47 220.56,95.56 225.00,106.00
             225.00,106.00 229.83,62.00 229.83,62.00
             230.47,55.30 229.63,47.94 233.85,42.07
             240.63,32.70 253.47,34.13 260.82,42.07
             268.69,50.52 272.40,66.64 271.96,78.00
             271.96,78.00 267.28,118.00 267.28,118.00
             267.28,118.00 258.73,182.00 258.73,182.00
             258.73,182.00 254.00,215.00 254.00,215.00 Z
           M 197.00,89.42
           C 188.86,92.26 181.46,101.33 176.21,108.00
             162.26,125.72 149.51,151.82 145.00,174.00
             143.14,183.16 141.95,192.81 144.24,202.00
             145.49,207.04 147.95,211.69 154.00,210.59
             159.88,209.52 169.70,200.24 174.00,196.00
             189.10,181.06 197.41,169.00 209.42,152.00
             212.16,148.13 220.59,136.10 221.22,132.00
             221.60,129.53 220.48,123.76 220.15,121.00
             218.56,107.72 214.79,87.22 197.00,89.42 Z
           M 366.00,213.00
           C 361.69,214.23 358.95,215.75 355.00,217.76
             335.45,227.70 319.74,245.12 320.00,268.00
             320.26,290.14 343.13,291.26 353.96,280.90
             364.67,270.65 366.45,253.94 367.26,240.00
             367.26,240.00 367.26,232.00 367.26,232.00
             367.26,232.00 366.00,213.00 366.00,213.00 Z
           M 203.00,259.00
           C 203.00,259.00 152.00,295.79 152.00,295.79
             114.88,324.91 79.34,356.25 59.31,400.00
             49.15,422.18 40.05,458.30 65.00,474.12
             68.11,476.10 71.46,477.73 75.00,478.79
             78.24,479.76 86.69,481.05 90.00,480.82
             95.20,480.45 104.11,478.67 109.00,476.91
             120.95,472.62 134.41,463.54 142.71,454.00
             159.60,434.61 171.34,397.83 178.42,373.00
             178.42,373.00 185.13,348.00 185.13,348.00
             185.13,348.00 193.40,312.00 193.40,312.00
             193.40,312.00 203.00,259.00 203.00,259.00 Z" />
</svg>
